190,32,437,34,436,70,190,68,INDONESIA
487,53,670,58,670,79,487,75,DRIVING LICENSE
192,73,443,76,443,96,192,93,SURAT IZIN MENGEMUDI
547,84,590,84,590,128,547,128,A
220,176,427,178,427,195,219,194,TOMI SAPTONO
220,203,550,206,550,227,219,224,TASIKMALAYA, 24-01-2014
217,230,330,234,330,251,216,252,A-PRIA
216,261,644,262,644,279,215,280,GANG PELAJAR PEJUANG NO. 899
250,290,470,290,470,307,250,307,KAPTEN MUSLIHAT
250,318,459,318,459,335,250,335,SULAWESI UTARA
217,341,358,344,358,361,216,361,MEKANIK
218,368,331,371,331,388,217,390,MALUT
459,140,671,140,671,158,459,158,3430-2465-946163
530,422,650,422,650,439,530,439,28-04-1992
