190,44,437,41,437,77,191,80,INDONESIA
488,59,671,59,671,80,488,81,DRIVING LICENSE
193,85,444,83,445,103,194,105,SURAT IZIN MENGEMUDI
549,88,593,87,594,131,550,132,D
223,188,443,185,444,202,223,206,KOKO MUSTOFA
224,215,556,210,556,231,223,236,PURWOKERTO, 25-05-2021
222,242,374,242,374,259,221,264,O-WANITA
221,273,571,266,572,283,221,292,GG. RAJAWALI TIMUR NO. 0
256,301,408,297,408,314,256,318,KENDALSARI
257,329,430,325,430,342,257,346,JAWA TENGAH
224,353,351,353,352,370,224,373,USTADZ
226,380,339,380,339,397,225,402,PAPUA
462,146,673,141,674,159,462,164,9272-5536-743842
539,426,659,424,659,441,539,443,09-02-1991
