190,50,437,43,438,79,192,86,INDONESIA
488,60,671,59,672,80,489,82,DRIVING LICENSE
194,91,445,85,446,105,195,111,SURAT IZIN MENGEMUDI
549,89,592,88,594,132,551,133,A
226,193,476,186,477,203,225,211,MAHMUD SUARTINI
227,220,464,214,465,235,226,241,DUMAI, 24-04-2008
224,247,376,245,376,262,224,269,B-WANITA
225,278,637,264,638,281,224,297,GANG KUTISARI SELATAN NO. 82
260,305,407,300,408,317,260,322,AHMAD YANI
261,333,469,326,470,343,261,350,KEPULAUAN RIAU
228,358,365,356,366,373,228,378,NOTARIS
230,385,343,384,344,401,230,407,PAPUA
463,148,675,141,676,159,464,166,2062-2658-714319
544,428,664,423,665,440,545,444,11-01-2023
