203,36,449,45,447,81,201,72,INDONESIA
499,66,682,76,681,97,498,88,DRIVING LICENSE
203,77,454,87,454,107,203,97,SURAT IZIN MENGEMUDI
559,98,616,100,615,144,558,142,BI
228,181,436,189,436,206,227,199,JOKO PERMADI
228,208,538,220,538,241,226,229,MOJOKERTO, 05-10-2019
224,235,337,242,336,259,222,257,B-PRIA
222,266,562,277,561,294,220,285,JL. MEDOKAN AYU NO. 955
255,296,430,301,429,318,254,313,MEDOKAN AYU
254,324,490,331,490,347,254,341,SULAWESI SELATAN
221,346,435,355,435,372,219,366,BURUH HARIAN
221,373,355,380,354,397,219,395,SUMBAR
468,152,680,158,680,176,468,170,3639-7419-586289
531,436,651,439,650,456,531,453,22-07-1986
