509,120,1141,105,1142,163,510,179,KARTU KELUARGA
128,233,311,229,312,252,128,255,Nama Kepala Keluarga
128,260,190,258,191,281,129,282,Alamat
128,285,192,284,192,306,129,307,RT/RW
129,313,257,311,257,331,129,333,Desa/Kelurahan
1037,223,1127,221,1128,240,1037,241,Kecamatan
1037,246,1167,244,1167,266,1038,268,Kabupaten/Kota
1038,268,1120,267,1121,288,1038,290,Kode Pos
1038,291,1106,290,1107,312,1039,313,Provinsi
229,355,353,353,353,375,230,377,Nama Lengkap
276,385,307,385,308,407,276,407,(1)
532,347,570,346,570,369,532,370,NIK
536,381,568,380,568,401,536,401,(2)
641,336,695,335,695,356,641,357,Jenis
651,379,685,378,686,398,651,398,(3)
789,376,818,375,819,395,789,395,(4)
919,373,948,373,949,391,919,392,(5)
1010,371,1037,371,1038,389,1010,389,(6)
1173,367,1202,366,1202,384,1173,385,(7)
1425,362,1453,361,1453,378,1425,378,(8)
898,330,967,329,968,351,898,352,Tanggal
993,338,1056,337,1057,359,993,361,Agama
1136,336,1235,334,1235,351,1137,353,Pendidikan
1370,329,1506,325,1507,347,1370,351,Jenis Pekerjaan
69,361,99,360,99,379,69,380,No.
79,415,91,415,91,429,79,429,1
79,438,91,438,92,452,79,452,2
79,459,92,459,92,473,80,474,3
80,483,92,482,92,497,80,497,4
80,504,92,504,93,518,81,519,5
81,527,93,526,93,541,81,541,6
82,549,94,549,94,563,82,564,7
82,572,94,571,94,586,82,586,8
83,594,95,594,95,608,83,609,9
83,617,100,616,100,631,83,631,10
748,346,858,344,859,361,748,363,Tempat Lahir
632,359,703,358,703,375,632,376,Kelamin
906,352,958,351,959,370,907,371,Lahir
75,668,106,667,106,685,75,686,No.
88,723,97,723,97,736,88,737,1
88,745,98,745,98,759,88,759,2
88,768,98,768,98,782,88,783,3
88,791,98,790,99,805,89,805,4
89,813,99,813,99,827,89,827,5
89,836,99,835,99,850,89,850,6
90,858,99,858,100,872,90,872,7
90,881,100,880,100,895,90,895,8
90,903,100,903,101,917,91,917,9
90,926,105,925,105,939,90,939,10
263,650,410,648,411,669,263,671,Status Hubungan
695,641,851,638,851,659,696,661,Dokumen Imigrasi
1199,629,1341,627,1341,647,1200,649,Nama Orang Tua
152,655,207,654,208,672,152,673,Status
166,698,195,697,195,716,167,716,(9)
319,694,357,694,357,712,320,713,(10)
488,691,527,690,528,708,488,709,(11)
663,687,702,686,702,704,664,705,(12)
845,682,883,682,883,700,846,701,(13)
1093,677,1132,677,1133,695,1093,696,(14)
1410,671,1449,670,1450,689,1410,689,(15)
433,658,582,656,582,677,433,680,Kewarganegaraan
1088,656,1135,655,1135,676,1088,676,Ayah
1414,647,1444,647,1444,667,1414,668,Ibu
132,677,230,676,230,693,132,694,Perkawinan
273,674,404,671,405,689,273,692,Dalam Keluarga
636,669,729,667,729,684,636,685,No. Paspor
791,663,935,659,935,679,792,683,No. KITAS/KITAP
147,985,321,982,322,1002,147,1005,Dikeluarkan Tanggal
1194,973,1494,963,1494,988,1195,998,A DINAS KEPENUDUDUKAN DAN
721,994,907,991,908,1012,721,1016,KEPALA KELUARGA
147,1012,228,1010,228,1027,147,1029,LEMBAR
721,994,907,991,908,1012,721,1016,KEPALA KELUARGA
363,1007,521,1004,522,1024,363,1027,I.Kepala Keluarga
1239,996,1385,992,1385,1014,1239,1018,CATATAN SIPIL
360,1028,411,1027,411,1051,360,1052,II.RT
357,1058,519,1055,519,1075,357,1078,III.Desa/Kelurahan
357,1083,481,1081,482,1100,357,1102,IV.Kecamatan
740,1110,901,1106,902,1128,741,1132,Tanda Tangan/Cap Jempol
1156,1077,1472,1068,1472,1094,1157,1103,Drs. PANCARIA SEMBIRING, MDA
1211,1101,1439,1095,1439,1115,1211,1121,NIP.19601027198703 1 006
1305,88,1535,84,1535,106,1306,114,K 7409634315968
590,182,1002,176,1003,205,591,218,No. 7409633597350608
332,260,527,257,527,270,332,273,GANG S. PARMAN NO. 7
332,286,375,285,375,298,332,299,09/13
332,312,440,310,440,323,333,325,TANGERANG
1186,223,1279,221,1279,235,1186,236,BENGKULU
1186,247,1297,245,1297,258,1186,260,PRABUMULIH
1186,271,1234,270,1235,283,1187,284,95257
1187,291,1356,289,1356,302,1187,305,SULAWESI SELATAN
331,234,554,230,554,243,331,247,CUT PADMA SIMANJUNTAK
749,1092,999,1088,999,1102,749,1107,CUT PADMA SIMANJUNTAK
107,417,287,414,287,425,107,428,CUT PADMA SIMANJUNTAK
493,408,617,406,617,417,494,419,7409632809704662
626,406,688,405,688,415,627,416,LAKI-LAKI
716,404,789,402,789,413,717,414,BENGKULU
900,399,967,398,967,408,900,409,28-09-1970
976,397,1032,396,1033,407,976,408,BUDDHA
1078,395,1225,392,1225,402,1078,405,TAMAT SD/SEDERAJAT
1303,390,1367,389,1367,399,1303,400,PENJAHIT
115,725,158,724,158,735,115,735,KAWIN
256,722,382,719,382,730,257,732,KEPALA KELUARGA
434,718,460,717,460,727,434,728,WNI
962,706,1090,703,1090,714,962,716,PARMAN GUNAWAN
1285,698,1474,695,1474,705,1285,709,PUTI CHELSEA HUTAGALUNG
107,439,279,436,279,449,108,452,DR. KAMILA WACANA, S.T.
494,430,617,428,617,439,494,441,7409635806714662
627,428,710,427,710,437,627,438,PEREMPUAN
717,426,809,424,810,435,717,436,SAWAHLUNTO
900,422,968,420,968,431,900,432,18-06-1971
977,420,1033,419,1033,429,977,430,BUDDHA
1079,417,1273,414,1274,424,1079,427,BELUM TAMAT SD/SEDERAJAT
1304,412,1437,410,1437,420,1304,423,KARYAWAN SWASTA
115,747,158,747,158,757,115,758,KAWIN
257,744,291,743,291,754,257,754,ISTRI
434,740,460,740,461,750,435,750,WNI
962,728,1158,725,1159,737,962,740,TGK. DARIJAN WINARSIH, M.TI.
1285,721,1385,719,1386,729,1285,731,LUTFAN TAMBA
107,462,242,460,242,472,108,474,AMI MUSTOFA, M.AK
494,453,617,451,618,462,494,464,7409632207764662
627,451,688,450,689,460,627,461,LAKI-LAKI
717,449,761,448,761,458,717,459,TEGAL
901,444,968,443,968,453,901,454,22-07-1976
977,442,1033,441,1033,452,977,453,BUDDHA
1079,440,1142,438,1142,449,1079,450,STRATA II
1303,435,1367,434,1367,444,1304,445,AKUNTAN
115,770,207,768,207,779,116,780,BELUM KAWIN
257,767,294,766,294,776,257,777,ANAK
435,763,461,762,461,772,435,773,WNI
963,751,1136,748,1136,758,963,761,CUT PADMA SIMANJUNTAK
1285,743,1451,740,1451,752,1286,755,DR. KAMILA WACANA, S.T.
108,484,286,481,286,494,108,497,DRS. UNJANI YUNIAR, M.M.
495,475,618,473,618,484,495,486,7409637007784662
628,473,710,472,711,482,628,483,PEREMPUAN
718,471,802,470,802,480,718,481,MOJOKERTO
901,466,969,465,969,476,902,477,30-07-1978
978,465,1034,464,1034,474,978,475,BUDDHA
1080,462,1193,460,1193,470,1080,472,SLTA/SEDERAJAT
1305,457,1391,456,1391,466,1305,468,PENATA RIAS
116,792,160,792,160,802,117,803,KAWIN
258,789,294,788,295,799,258,799,ANAK
436,785,462,785,462,795,436,795,WNI
963,773,1137,770,1137,780,964,783,CUT PADMA SIMANJUNTAK
1286,766,1452,763,1452,775,1287,778,DR. KAMILA WACANA, S.T.
109,507,284,504,285,516,109,519,SOLEH FIRMANSYAH, M.M.
495,498,618,496,618,507,495,509,7409635108884662
628,496,711,494,711,504,628,506,PEREMPUAN
718,494,851,491,851,502,719,504,TIDORE KEPULAUAN
902,489,969,488,969,498,902,499,11-08-1988
978,487,1035,486,1036,497,978,498,KRISTEN
1080,484,1194,483,1194,493,1081,495,SLTP/SEDERAJAT
1305,480,1392,478,1392,489,1305,490,DOKTER GIGI
117,815,160,814,160,824,117,825,KAWIN
258,811,295,811,295,821,258,822,ANAK
436,807,462,807,462,817,436,818,WNI
964,796,1137,793,1137,803,964,806,CUT PADMA SIMANJUNTAK
1287,788,1452,785,1452,797,1287,800,DR. KAMILA WACANA, S.T.
110,529,220,527,220,538,110,540,RAHAYU JAILANI
496,520,619,518,619,529,496,531,7409630707934662
629,518,690,517,690,527,629,528,LAKI-LAKI
719,516,762,515,763,526,719,526,TEGAL
902,511,970,510,970,521,902,522,07-07-1993
979,510,1035,509,1035,519,979,520,BUDDHA
1081,507,1170,505,1170,516,1081,517,D-IV/STRATA I
1305,502,1362,501,1362,512,1305,513,ARSITEK
117,837,208,836,209,846,117,848,BELUM KAWIN
258,834,295,833,295,844,258,844,ANAK
436,830,462,830,463,840,437,840,WNI
964,818,1137,815,1138,825,964,828,CUT PADMA SIMANJUNTAK
1287,811,1453,808,1453,820,1287,823,DR. KAMILA WACANA, S.T.
110,552,229,550,229,561,110,563,TASDIK HASANAH
496,543,619,541,620,551,496,554,7409636504984662
629,541,712,539,712,549,629,551,PEREMPUAN
720,538,856,536,856,546,720,549,PADANG SIDEMPUAN
903,534,971,533,971,543,903,544,25-04-1998
980,532,1036,531,1036,542,980,542,KATOLIK
1082,529,1234,527,1234,537,1082,540,TIDAK/BELUM SEKOLAH
1306,525,1365,524,1365,534,1307,535,NOTARIS
118,860,209,858,209,869,118,870,BELUM KAWIN
259,856,296,856,296,866,259,867,ANAK
437,852,463,852,463,862,437,863,WNI
965,841,1138,837,1138,848,965,851,CUT PADMA SIMANJUNTAK
1288,833,1453,830,1454,842,1288,845,DR. KAMILA WACANA, S.T.
110,574,219,572,219,583,110,585,KAMAL HIDAYAT
497,565,620,563,620,574,497,576,7409632309014662
630,563,691,562,691,572,630,573,LAKI-LAKI
720,561,811,559,811,570,720,571,PAYAKUMBUH
903,556,971,555,971,566,904,567,23-09-2001
980,555,1036,554,1036,564,980,565,BUDDHA
1082,552,1234,549,1234,560,1082,562,TIDAK/BELUM SEKOLAH
1307,547,1407,545,1407,556,1307,557,BURUH HARIAN
118,882,210,881,210,891,119,893,BELUM KAWIN
260,879,296,878,297,889,260,889,ANAK
438,875,464,874,464,885,438,885,WNI
965,863,1139,860,1139,870,966,873,CUT PADMA SIMANJUNTAK
1288,856,1454,853,1454,865,1289,868,DR. KAMILA WACANA, S.T.
111,597,232,595,232,605,111,608,ELLIS SAEFULLAH
497,588,621,586,621,596,498,599,7409631310014662
630,585,692,584,692,595,631,596,LAKI-LAKI
721,583,792,582,792,593,721,594,PAREPARE
904,579,972,578,972,588,904,589,13-10-2001
981,577,1058,576,1058,586,981,587,KONGHUCU
1083,574,1172,573,1172,583,1083,585,D-IV/STRATA I
1308,570,1410,568,1410,578,1308,580,PERDAGANGAN
119,905,210,903,211,914,119,915,BELUM KAWIN
260,901,297,901,297,911,261,912,ANAK
438,897,465,897,465,907,439,908,WNI
966,885,1139,882,1140,893,967,896,CUT PADMA SIMANJUNTAK
1289,878,1455,875,1455,887,1289,890,DR. KAMILA WACANA, S.T.
351,985,447,984,447,998,351,1000,29-01-2012
