503,126,1127,99,1129,157,505,183,KARTU KELUARGA
129,243,310,237,310,259,129,265,Nama Kepala Keluarga
129,270,191,268,191,290,130,292,Alamat
130,295,192,293,193,315,131,317,RT/RW
131,323,257,318,258,338,132,343,Desa/Kelurahan
1026,218,1115,215,1116,233,1027,236,Kecamatan
1027,241,1155,236,1156,258,1028,262,Kabupaten/Kota
1028,262,1109,260,1110,281,1028,284,Kode Pos
1028,286,1096,283,1096,305,1029,307,Provinsi
231,362,353,358,354,380,232,384,Nama Lengkap
529,349,567,347,568,371,530,372,NIK
637,336,690,334,691,356,638,357,Jenis
890,326,959,324,960,345,891,348,Tanggal
984,333,1047,331,1048,352,985,355,Agama
1126,328,1224,325,1224,341,1127,345,Pendidikan
1357,317,1491,311,1492,332,1357,338,Jenis Pekerjaan
73,371,102,370,103,389,73,390,No.
83,424,95,423,96,438,84,438,1
84,447,96,447,97,461,85,461,2
85,468,97,467,97,482,85,482,3
86,491,98,490,98,505,86,505,4
86,512,98,512,99,526,87,526,5
87,534,99,534,100,548,88,549,6
88,557,100,556,101,570,89,571,7
89,579,101,578,102,593,90,593,8
90,601,102,601,103,615,91,615,9
91,623,108,623,108,637,92,637,10
743,344,852,341,852,357,743,361,Tempat Lahir
628,360,699,357,699,374,629,376,Kelamin
899,347,951,346,951,364,900,366,Lahir
84,674,115,673,115,690,84,691,No.
97,728,106,727,107,741,98,742,1
98,750,108,750,108,763,98,764,2
99,773,108,772,109,786,99,787,3
99,795,109,794,110,809,100,809,4
100,817,110,817,110,831,101,831,5
101,839,111,839,111,853,101,853,6
102,861,111,861,112,875,102,876,7
102,884,112,883,113,897,103,898,8
103,906,113,905,113,920,104,920,9
103,928,118,927,119,941,104,942,10
269,653,415,648,415,670,270,673,Status Hubungan
696,637,849,631,850,651,697,657,Dokumen Imigrasi
1193,616,1333,611,1333,631,1194,636,Nama Orang Tua
160,660,215,658,215,675,161,677,Status
437,658,584,653,585,674,438,679,Kewarganegaraan
1084,645,1130,643,1131,663,1084,665,Ayah
1405,631,1435,630,1436,649,1406,651,Ibu
140,682,237,679,238,696,141,699,Perkawinan
279,676,409,672,410,689,280,694,Dalam Keluarga
637,665,730,662,730,678,638,681,No. Paspor
791,657,933,650,933,670,792,677,No. KITAS/KITAP
160,986,332,980,333,1000,161,1006,Dikeluarkan Tanggal
1194,956,1490,941,1491,966,1195,981,A DINAS KEPENUDUDUKAN DAN
727,985,911,978,912,1000,728,1006,KEPALA KELUARGA
161,1012,241,1009,242,1026,162,1029,LEMBAR
727,985,911,978,912,1000,728,1006,KEPALA KELUARGA
374,1003,530,998,531,1018,374,1023,I.Kepala Keluarga
1239,978,1383,971,1383,993,1240,999,CATATAN SIPIL
371,1025,421,1023,422,1046,372,1048,II.RT
369,1054,529,1049,529,1069,370,1074,III.Desa/Kelurahan
372,1079,492,1074,493,1093,373,1097,IV.Kecamatan
748,1099,907,1092,909,1114,749,1121,Tanda Tangan/Cap Jempol
1159,1059,1470,1045,1471,1071,1160,1085,Drs. PANCARIA SEMBIRING, MDA
1213,1082,1438,1072,1438,1092,1213,1102,NIP.19601027198703 1 006
1288,80,1520,71,1521,100,1289,106,K 2932828348082
584,185,992,171,993,207,585,221,No. 2932829046522151
328,265,531,258,532,275,329,282,GG. PASIR KOJA NO. 164
329,291,349,290,349,307,330,308,-/-
330,317,407,314,408,331,331,334,MANADO
1171,214,1258,211,1259,228,1171,231,BANDUNG
1172,238,1269,234,1270,252,1172,255,MEULABOH
1172,261,1224,259,1224,276,1173,278,44784
1173,281,1323,276,1324,293,1174,299,SULAWESI BARAT
327,239,473,234,474,252,328,257,CHELSEA ASTUTI
754,1079,917,1074,918,1093,755,1099,CHELSEA ASTUTI
109,424,227,420,228,434,110,438,CHELSEA ASTUTI
491,408,616,404,616,419,491,423,2932822703864482
622,404,686,401,686,416,623,418,LAKI-LAKI
711,400,825,396,825,410,711,414,PANGKALPINANG
892,393,962,390,962,404,892,407,27-03-1986
967,389,1013,388,1013,402,968,404,HINDU
1068,385,1137,383,1138,397,1068,399,STRATA III
1290,376,1332,375,1332,389,1290,391,PILOT
122,728,168,726,169,740,123,742,KAWIN
262,722,389,718,390,732,263,736,KEPALA KELUARGA
437,715,467,714,467,728,438,729,WNI
958,694,1049,691,1049,705,959,708,CARLA UTAMI
1277,681,1389,677,1390,692,1277,695,NABILA BUDIMAN
110,446,259,441,259,455,111,461,MARIA MANGUNSONG
491,430,617,426,617,441,492,445,2932824305954482
623,426,708,423,709,437,623,440,PEREMPUAN
712,422,750,421,751,435,712,437,BATU
893,415,963,412,963,426,893,429,03-05-1995
968,412,1013,410,1014,424,969,426,HINDU
1069,407,1264,400,1265,415,1069,421,BELUM TAMAT SD/SEDERAJAT
1291,399,1352,396,1352,411,1291,413,PENSIUN
123,750,169,748,170,763,124,764,KAWIN
263,744,300,743,301,757,263,758,ISTRI
438,737,467,736,468,750,439,751,WNI
959,716,1121,711,1122,725,960,731,TGK. PUSPA KUSMAWATI
1278,703,1469,697,1470,713,1278,719,DR. ASMADI KURNIAWAN, S.E.
111,468,253,463,254,478,112,483,LASMANTO PERMADI
492,453,617,448,618,463,493,467,2932820104984482
624,448,687,446,688,460,624,462,LAKI-LAKI
712,445,806,441,806,456,713,459,YOGYAKARTA
893,437,963,434,964,449,894,451,01-04-1998
969,434,1014,432,1015,446,969,448,HINDU
1070,429,1135,427,1136,441,1070,444,STRATA II
1291,421,1383,418,1384,432,1292,435,WIRASWASTA
124,772,170,771,171,785,124,786,KAWIN
264,766,304,765,304,779,264,781,ANAK
439,759,468,758,469,773,439,774,WNI
960,739,1073,735,1074,749,960,753,CHELSEA ASTUTI
1278,726,1422,721,1423,735,1279,740,MARIA MANGUNSONG
112,490,296,484,296,500,112,507,SUTAN OMAR NURAINI, S.E.
493,475,618,471,619,485,493,490,2932822710014482
624,470,688,468,689,482,625,484,LAKI-LAKI
714,467,828,463,828,477,714,481,PANGKALPINANG
895,459,965,457,965,471,895,473,27-10-2001
970,456,1029,454,1030,468,971,470,BUDDHA
1071,452,1186,448,1187,462,1071,466,SLTA/SEDERAJAT
1293,443,1336,441,1337,456,1293,457,BIDAN
125,794,219,791,219,805,126,809,BELUM KAWIN
265,789,305,787,305,801,265,803,ANAK
440,782,469,781,470,795,441,796,WNI
961,761,1074,757,1075,771,962,775,CHELSEA ASTUTI
1280,748,1424,743,1424,757,1280,762,MARIA MANGUNSONG
113,513,204,509,205,524,113,527,EVA PUSPITA
494,497,619,493,619,507,494,512,2932824109064482
625,492,710,490,711,504,626,507,PEREMPUAN
714,489,788,486,788,501,715,503,PAREPARE
895,481,965,479,966,493,896,495,01-09-2006
971,478,1031,476,1031,490,971,492,KRISTEN
1072,474,1266,467,1267,481,1072,488,AKADEMI/DIPLOMA III/S. MUDA
1293,465,1426,461,1427,475,1294,479,PETERNAKNELAYAN
126,817,220,813,220,827,126,831,BELUM KAWIN
266,811,306,809,306,824,266,825,ANAK
441,804,470,803,471,817,441,818,WNI
962,783,1075,779,1076,793,962,797,CHELSEA ASTUTI
1280,770,1424,765,1425,779,1281,784,MARIA MANGUNSONG
360,981,459,977,459,997,361,1000,04-10-2015
