509,120,1141,105,1142,163,510,179,KARTU KELUARGA
128,233,311,229,312,252,128,255,Nama Kepala Keluarga
128,260,190,258,191,281,129,282,Alamat
128,285,192,284,192,306,129,307,RT/RW
129,313,257,311,257,331,129,333,Desa/Kelurahan
1037,223,1127,221,1128,240,1037,241,Kecamatan
1037,246,1167,244,1167,266,1038,268,Kabupaten/Kota
1038,268,1120,267,1121,288,1038,290,Kode Pos
1038,291,1106,290,1107,312,1039,313,Provinsi
229,355,353,353,353,375,230,377,Nama Lengkap
276,385,307,385,308,407,276,407,(1)
532,347,570,346,570,369,532,370,NIK
536,381,568,380,568,401,536,401,(2)
641,336,695,335,695,356,641,357,Jenis
651,379,685,378,686,398,651,398,(3)
789,376,818,375,819,395,789,395,(4)
919,373,948,373,949,391,919,392,(5)
1010,371,1037,371,1038,389,1010,389,(6)
1173,367,1202,366,1202,384,1173,385,(7)
1425,362,1453,361,1453,378,1425,378,(8)
898,330,967,329,968,351,898,352,Tanggal
993,338,1056,337,1057,359,993,361,Agama
1136,336,1235,334,1235,351,1137,353,Pendidikan
1370,329,1506,325,1507,347,1370,351,Jenis Pekerjaan
69,361,99,360,99,379,69,380,No.
79,415,91,415,91,429,79,429,1
79,438,91,438,92,452,79,452,2
79,459,92,459,92,473,80,474,3
80,483,92,482,92,497,80,497,4
80,504,92,504,93,518,81,519,5
81,527,93,526,93,541,81,541,6
82,549,94,549,94,563,82,564,7
82,572,94,571,94,586,82,586,8
83,594,95,594,95,608,83,609,9
83,617,100,616,100,631,83,631,10
743,344,863,342,863,363,744,365,Tempat Lahir
632,358,703,357,703,376,632,377,Kelamin
906,352,958,351,959,370,907,371,Lahir
75,668,106,667,106,685,75,686,No.
88,723,97,723,97,736,88,737,1
88,745,98,745,98,759,88,759,2
88,768,98,768,98,782,88,783,3
88,791,98,790,99,805,89,805,4
89,813,99,813,99,827,89,827,5
89,836,99,835,99,850,89,850,6
90,858,99,858,100,872,90,872,7
90,881,100,880,100,895,90,895,8
90,903,100,903,101,917,91,917,9
90,926,105,925,105,939,90,939,10
263,650,410,648,411,669,263,672,Status Hubungan
695,641,851,638,851,659,696,661,Dokumen Imigrasi
1197,629,1341,627,1341,647,1197,649,Nama Orang Tua
150,653,210,652,210,674,150,675,Status
166,698,195,697,195,716,167,716,(9)
319,694,357,694,357,712,320,713,(10)
488,691,527,690,528,708,488,709,(11)
663,687,702,686,702,704,664,705,(12)
845,682,883,682,883,700,846,701,(13)
1093,677,1132,677,1133,695,1093,696,(14)
1410,669,1449,668,1450,687,1410,688,(15)
431,658,584,656,584,678,431,681,Kewarganegaraan
1088,656,1135,655,1135,676,1088,676,Ayah
1414,647,1444,647,1444,667,1414,668,Ibu
130,675,232,673,232,695,130,697,Perkawinan
271,674,406,671,406,691,271,693,Dalam Keluarga
636,669,729,667,729,684,636,685,No. Paspor
791,663,935,659,935,679,792,683,No. KITAS/KITAP
147,985,321,982,322,1002,147,1005,Dikeluarkan Tanggal
1194,973,1494,963,1494,988,1195,998,A DINAS KEPENUDUDUKAN DAN
721,994,907,991,908,1012,721,1016,KEPALA KELUARGA
147,1012,228,1010,228,1027,147,1029,LEMBAR
721,994,907,991,908,1012,721,1016,KEPALA KELUARGA
363,1007,521,1004,522,1024,363,1027,I.Kepala Keluarga
1239,996,1385,992,1385,1014,1239,1018,CATATAN SIPIL
360,1028,411,1027,411,1051,360,1052,II.RT
357,1058,519,1055,519,1075,357,1078,III.Desa/Kelurahan
357,1083,481,1081,482,1100,357,1102,IV.Kecamatan
740,1110,901,1106,902,1128,741,1132,Tanda Tangan/Cap Jempol
1156,1077,1472,1068,1472,1094,1157,1103,Drs. PANCARIA SEMBIRING, MDA
1211,1101,1439,1095,1439,1115,1211,1121,NIP.19601027198703 1 006
1300,83,1547,80,1548,110,1301,119,K8490700074306
586,177,1006,171,1007,210,586,222,No. 8490707123851340
327,256,508,252,508,275,327,278,JL. SILIWANGI NO. 71
327,282,353,281,353,303,328,304,-/-
328,308,482,305,482,327,328,330,PANGKALPINANG
1181,219,1324,216,1324,238,1181,241,LHOKSEUMAWE
1181,243,1312,241,1312,263,1182,265,KOTAMOBAGU
1182,266,1239,265,1239,287,1182,288,98434
1182,287,1357,284,1357,306,1183,309,KALIMANTAN TIMUR
326,230,524,226,524,248,327,252,DRG. LULUT LAZUARDI
744,1088,964,1084,965,1107,744,1111,DRG. LULUT LAZUARDI
103,413,264,410,264,429,103,432,DRG. LULUT LAZUARDI
489,404,621,401,621,421,489,423,8490701308737471
622,401,692,400,692,419,622,421,LAKI-LAKI
712,399,824,397,824,417,712,419,LHOKSEUMAWE
895,395,972,393,972,413,896,414,13-08-1973
972,393,1037,392,1037,411,972,412,KATOLIK
1073,390,1276,387,1276,406,1074,409,AKADEMI/DIPLOMA III/S. MUDA
1299,385,1449,383,1449,402,1299,405,PELAJAR/MAHASISWA
110,720,162,720,163,739,110,740,KAWIN
252,717,386,715,387,734,252,736,KEPALA KELUARGA
429,713,464,713,465,732,430,732,WNI
957,701,1098,699,1099,718,958,721,PRASETYO KUSUMO
1280,694,1462,691,1462,712,1280,715,DR. RATNA WAHYUNI, M.TI.
103,435,234,433,234,452,103,455,LIDYA MARPAUNG
489,426,621,424,622,443,489,446,8490704811737471
622,424,714,422,714,441,623,443,PEREMPUAN
712,422,783,420,783,440,713,441,TERNATE
896,417,972,416,972,435,896,436,08-11-1973
972,415,1037,414,1038,434,972,435,KATOLIK
1074,413,1196,410,1197,430,1074,432,SLTA/SEDERAJAT
1299,408,1366,407,1367,426,1299,427,PENSIUN
111,743,163,742,163,761,111,762,KAWIN
252,740,295,739,296,758,253,759,ISTRI
430,736,465,735,465,754,430,755,WNI
958,724,1178,720,1179,741,958,745,CUT RATNA SALAHUDIN, M.FARM
1281,716,1386,714,1386,734,1281,736,FARAH JAILANI
103,457,329,454,330,475,104,479,DRS. EMPLUK RAHMAWATI, S.PD
490,448,622,446,622,466,490,468,8490705508747471
623,446,714,445,715,464,623,465,PEREMPUAN
713,444,821,442,821,462,713,463,TANJUNGBALAI
896,440,972,438,973,458,896,459,15-08-1974
972,438,1038,437,1038,456,973,457,KATOLIK
1075,435,1230,432,1230,452,1075,454,TAMAT SD/SEDERAJAT
1299,430,1349,429,1349,449,1300,450,BIDAN
111,765,163,765,163,784,111,785,KAWIN
253,762,296,761,296,781,253,781,ISTRI
430,758,465,757,466,777,431,777,WNI
958,746,1160,743,1160,764,958,767,TGK. JARWA TARIHORAN, S.E.
1281,739,1419,736,1419,756,1281,758,MAHMUD HUTASOIT
104,480,300,477,301,498,104,502,DR. AJENG PRANOWO, M.AK
490,471,622,469,622,488,490,491,8490702711777471
623,469,693,467,694,487,623,488,LAKI-LAKI
713,467,803,465,803,484,714,486,SURAKARTA
897,462,973,461,974,480,897,481,27-11-1977
973,460,1039,459,1039,478,974,480,KATOLIK
1075,458,1147,456,1148,476,1076,477,STRATA II
1300,453,1369,452,1369,471,1301,472,MEKANIK
112,788,212,786,212,806,112,807,BELUM KAWIN
253,785,299,784,299,803,253,804,ANAK
431,781,466,780,466,799,431,800,WNI
959,769,1114,766,1115,785,959,788,DRG. LULUT LAZUARDI
1282,761,1499,757,1500,779,1282,782,DRS. EMPLUK RAHMAWATI, S.PD
104,502,271,500,272,521,104,524,MUTIA MANDASARI, S.T.
490,493,623,491,623,511,491,513,8490704404787471
623,491,715,490,716,509,624,510,PEREMPUAN
714,489,809,487,809,507,714,508,PRABUMULIH
897,485,974,483,974,503,898,504,04-04-1978
974,483,1039,482,1039,501,974,502,KATOLIK
1076,480,1128,479,1128,499,1076,499,D-I/D-II
1301,475,1374,474,1375,493,1301,495,PERAWAT
112,810,164,810,165,829,112,830,KAWIN
253,807,299,806,300,826,254,826,ANAK
431,803,466,802,467,822,432,822,WNI
959,791,1115,788,1115,808,960,810,DRG. LULUT LAZUARDI
1282,784,1500,780,1500,801,1282,805,DRS. EMPLUK RAHMAWATI, S.PD
105,525,233,523,233,542,105,545,NAJAM LAILASARI
491,516,623,514,624,533,492,536,8490700111837471
624,514,694,512,695,532,625,533,LAKI-LAKI
714,512,782,510,782,530,715,531,KENDARI
898,507,974,506,974,525,898,526,01-11-1983
974,505,1039,504,1040,523,974,525,KATOLIK
1076,503,1148,501,1148,521,1076,522,STRATA II
1301,498,1399,496,1400,515,1301,517,WIRASWASTA
113,833,165,832,165,851,113,852,KAWIN
254,830,300,829,300,848,254,849,ANAK
432,826,467,825,467,844,432,845,WNI
960,814,1115,811,1116,830,960,833,DRG. LULUT LAZUARDI
1283,806,1408,804,1409,823,1283,826,LIDYA MARPAUNG
105,547,238,545,239,567,106,569,SISKA HAKIM, M.TI.
492,538,624,536,624,556,492,558,8490700504887471
625,536,695,535,695,554,625,555,LAKI-LAKI
715,534,799,533,799,552,715,553,MAGELANG
898,530,975,528,975,548,899,549,05-04-1988
975,528,1040,527,1040,546,975,547,KATOLIK
1077,525,1281,521,1281,541,1077,544,BELUM TAMAT SD/SEDERAJAT
1302,520,1371,519,1371,538,1302,540,SENIMAN
113,855,214,854,214,873,114,875,BELUM KAWIN
255,852,300,851,301,871,255,871,ANAK
433,848,468,847,468,867,433,867,WNI
961,836,1116,833,1116,853,961,855,DRG. LULUT LAZUARDI
1283,829,1501,825,1501,846,1284,850,DRS. EMPLUK RAHMAWATI, S.PD
106,570,229,568,229,588,106,590,YUNITA WASTUTI
492,561,624,559,625,578,492,581,8490705407887471
625,559,717,557,717,576,625,578,PEREMPUAN
715,557,784,555,784,575,716,576,SORONG
899,552,975,551,976,570,899,571,14-07-1988
975,550,1041,549,1041,568,976,570,KATOLIK
1077,548,1149,546,1150,566,1078,567,STRATA II
1302,543,1364,542,1365,561,1303,562,USTADZ
114,878,166,877,166,896,114,897,KAWIN
255,875,301,874,301,893,255,894,ANAK
433,870,468,870,468,889,433,890,WNI
961,859,1117,856,1117,875,961,878,DRG. LULUT LAZUARDI
1284,851,1501,847,1502,868,1284,872,DRS. EMPLUK RAHMAWATI, S.PD
107,592,243,590,244,610,107,612,NAJAM WIDIASTUTI
493,583,625,581,625,601,493,603,8490702809987471
626,581,696,580,696,599,626,600,LAKI-LAKI
716,579,816,577,816,597,717,598,YOGYAKARTA
900,574,976,573,977,592,900,594,28-09-1998
976,573,1041,572,1042,591,977,592,KATOLIK
1078,570,1234,567,1234,587,1079,589,TAMAT SD/SEDERAJAT
1303,565,1443,563,1443,582,1303,585,PETERNAKNELAYAN
115,900,215,899,215,918,115,920,BELUM KAWIN
256,897,302,896,302,916,256,916,ANAK
434,893,469,892,469,912,434,912,WNI
962,881,1117,878,1118,898,962,900,DRG. LULUT LAZUARDI
1285,874,1411,871,1411,891,1285,893,LIDYA MARPAUNG
107,615,279,612,280,633,107,636,RAFID SIREGAR, S.I.KOM
493,606,625,604,626,623,494,626,8490706310987471
626,604,718,602,718,621,627,623,PEREMPUAN
717,602,809,600,810,619,717,621,TANGERANG
900,597,977,596,977,615,900,616,23-10-1998
977,595,1042,594,1042,613,977,615,KATOLIK
1079,592,1131,592,1131,611,1079,612,D-I/D-II
1303,588,1377,586,1378,606,1304,607,PERAWAT
115,923,167,922,168,941,115,942,KAWIN
256,919,302,919,302,938,257,939,ANAK
434,915,469,915,470,934,435,935,WNI
962,904,1118,901,1118,920,962,923,DRG. LULUT LAZUARDI
1285,896,1411,894,1411,913,1285,915,LIDYA MARPAUNG
346,981,452,979,452,1002,347,1004,12-06-2005
