185,32,442,31,441,77,185,78,INDONESIA
482,50,675,53,675,84,482,82,DRIVING LICENSE
187,73,448,73,448,103,187,103,SURAT IZIN MENGEMUDI
540,78,597,78,598,136,541,136,A
214,174,467,172,467,205,213,206,OPUNG DABUKKE
214,201,473,200,474,237,214,236,DEPOK, 25-03-1980
212,228,341,229,341,262,211,264,O-PRIA
211,259,632,255,632,288,210,292,JALAN KIARACONDONG NO. 303
244,286,424,285,424,318,244,319,M.T HARYONO
244,314,317,314,318,347,245,347,RIAU
213,339,414,339,414,372,212,373,KONSTRUKSI
214,366,412,366,412,399,213,402,METRO JAYA
452,134,680,132,680,166,452,168,1643-4532-698874
525,416,661,414,662,447,526,449,04-09-1987
