196,30,453,37,451,83,195,76,INDONESIA
492,57,685,66,684,97,492,89,DRIVING LICENSE
197,71,458,79,457,109,196,101,SURAT IZIN MENGEMUDI
551,88,609,89,607,147,549,145,D
221,172,447,178,446,211,219,204,PAULIN SAFITRI
220,199,546,208,545,245,218,234,MOJOKERTO, 21-06-1973
217,226,344,232,344,265,215,262,B-PRIA
215,257,593,265,592,298,213,290,JL. SURYAKENCANA NO. 329
247,286,534,292,533,325,246,319,STASIUN WONOKROMO
247,314,506,320,505,353,246,347,KALIMANTAN BARAT
214,337,414,344,413,377,212,371,DOKTER GIGI
214,364,338,369,338,402,213,400,SULUT
459,140,687,146,687,180,459,174,5451-6620-400622
524,424,660,427,659,460,523,457,17-02-2021
