185,44,442,37,443,83,187,90,INDONESIA
483,55,676,54,677,85,484,87,DRIVING LICENSE
189,84,450,79,450,109,190,114,SURAT IZIN MENGEMUDI
543,82,601,80,602,138,545,140,D
218,185,421,179,422,212,218,217,GILDA HABIBI
219,212,501,205,502,241,219,247,CILEGON, 24-09-2009
217,239,345,238,346,271,217,275,B-PRIA
217,270,492,261,493,294,217,303,JALAN BKR NO. 697
250,297,402,292,403,325,251,330,GARDUJATI
251,325,339,322,340,355,252,358,JAMBI
220,350,453,344,454,377,220,384,PERDAGANGAN
222,377,314,376,315,409,222,413,NTT
454,140,682,133,683,167,456,174,4634-5260-624007
534,420,670,415,671,448,536,453,18-08-2022
