186,52,442,42,444,88,188,98,INDONESIA
483,59,676,55,678,86,485,91,DRIVING LICENSE
190,93,450,84,452,114,191,123,SURAT IZIN MENGEMUDI
543,85,599,82,602,140,545,143,A
220,193,515,180,517,213,221,225,MUHAMMAD HARTATI
222,220,603,203,605,240,222,255,PANGKALPINANG, 07-01-2005
220,247,403,241,405,274,221,283,AB-WANITA
221,278,589,260,591,293,221,311,GANG CIHAMPELAS NO. 027
255,304,322,301,323,334,256,337,BKR
256,332,429,324,431,357,258,365,JAWA BARAT
225,358,382,352,384,385,226,392,INDUSTRI
228,385,356,381,357,414,228,421,JABAR
456,144,684,133,686,167,458,178,0244-6187-613627
541,423,677,416,678,449,543,456,07-08-1973
